0.044467120181405896 65536
0.0853968253968254 32768
0.1082312925170068 -196608
0.18564625850340136 98304
0.35560090702947844 -196608
0.37630385487528345 131072
0.4583219954648526 -32768
0.4672562358276644 65536
0.4849433106575964 98304
0.5198185941043084 65536
0.6419501133786848 -65536
0.6718140589569161 196608
0.6853968253968254 32768
0.7150340136054422 -196608
0.819297052154195 98304
0.833514739229025 32768
1.0774603174603175 98304
1.2322902494331065 -196608
1.2368253968253968 196608
1.242721088435374 32768
1.2604308390022676 -98304
1.4226757369614513 -65536
1.4368027210884353 -32768
1.454671201814059 65536
1.49156462585034 65536
1.5353968253968253 -131072
1.5369387755102042 -163840
1.7023582766439909 163840
1.7133560090702948 -131072
1.8165986394557823 65536
1.8427210884353742 32768
1.8604308390022675 -98304
1.8682993197278912 -131072
1.917482993197279 -163840
2.1737414965986392 -65536
2.1778684807256234 163840
2.217619047619048 -196608
2.229501133786848 -196608
2.2646938775510206 32768
2.3163492063492064 98304
2.3323356009070295 196608
2.3720861678004534 -163840
2.3762131519274377 65536
2.381700680272109 32768
2.646122448979592 98304
2.682018140589569 -196608
2.7491609977324263 131072
2.7523809523809524 163840
2.8085034013605443 32768
2.8461451247165535 163840
2.934625850340136 -196608
2.9461224489795916 98304
2.9820181405895694 -196608
3.033061224489796 163840
3.0409750566893425 196608
3.1305668934240365 131072
3.246122448979592 98304
3.282018140589569 -196608
3.3491609977324264 131072
3.3523809523809525 163840
3.7853514739229026 32768
3.8149886621315194 -196608
3.8672108843537414 65536
3.9217913832199547 32768
4.010090702947846 131072
4.0489342403628115 -131072
4.076258503401361 131072
4.085351473922903 32768
4.11498866213152 -196608
4.344421768707483 65536
4.376258503401361 131072
4.385351473922903 32768
4.4149886621315195 -196608
4.426281179138322 -65536
4.451496598639456 -65536
4.467210884353742 65536
4.478798185941043 163840
4.481360544217687 32768
4.519773242630386 65536
4.54907029478458 -163840
4.7785034013605445 65536
4.822108843537415 -98304
4.822312925170068 65536
4.835056689342403 98304
4.911428571428571 -65536
4.929818594104308 -131072
5.0148072562358275 -32768
5.319773242630386 -32768
5.369954648526077 -32768
5.415192743764172 32768
5.4353741496598635 -98304
5.4432426303854875 -131072
5.7693877551020405 65536
5.796167800453515 -32768
5.892176870748299 65536
5.944739229024943 65536
5.974331065759637 -131072
6.218775510204082 -98304
6.299229024943311 -32768
6.324104308390023 131072
6.327324263038549 163840
6.430022675736962 -98304
6.448299319727891 -196608
6.509569160997732 -196608
6.556961451247165 -196608
6.56079365079365 -131072
6.712426303854875 98304
6.719750566893424 163840
6.7482993197278915 -196608
6.9937641723356005 65536
7.026825396825397 131072
7.028117913832199 -196608
7.030680272108843 -32768
7.105056689342404 65536
7.111428571428571 163840
7.223287981859411 -196608
7.284557823129251 -196608
7.296054421768708 98304
7.331950113378685 -196608
7.5232879818594105 -196608
7.753446712018141 65536
7.784603174603174 196608
7.81 98304
7.832630385487528 -98304
7.896303854875283 65536
7.904761904761905 -131072
8.061904761904762 -131072
8.102879818594104 32768
8.180725623582767 131072
8.220362811791384 -32768
8.252857142857144 98304
8.275487528344671 -98304
8.569342403628118 65536
8.601179138321996 131072
8.610272108843537 32768
8.639909297052155 -196608
8.651201814058957 -65536
8.692131519274376 65536
8.74469387755102 65536
8.773990929705215 -163840
8.869342403628117 65536
8.901179138321995 131072
8.910272108843538 32768
8.939909297052154 -196608
8.951201814058956 -65536
8.992131519274377 65536
9.04469387755102 65536
9.073990929705216 -163840
9.169342403628118 65536
9.201179138321995 131072
9.210272108843537 32768
9.239909297052154 -196608
9.251201814058957 -65536
9.292131519274376 65536
9.34469387755102 65536
9.373990929705215 -163840
9.623628117913832 -65536
9.627755102040817 163840
9.66750566893424 -196608
9.679387755102042 -196608
9.698004535147392 98304
9.714580498866214 32768
9.73514739229025 -32768
9.75172335600907 -98304
9.770340136054422 196608
9.782222222222222 196608
9.821972789115646 -163840
9.82609977324263 65536
9.923628117913832 -65536
9.927755102040816 163840
9.96750566893424 -196608
9.97938775510204 -196608
9.998004535147393 98304
10.014580498866213 32768
10.035147392290249 -32768
10.05172335600907 -98304
10.070340136054421 196608
10.082222222222223 196608
10.121972789115647 -163840
10.12609977324263 65536
10.387460317460317 131072
10.488390022675738 -196608
10.510702947845806 -163840
10.53591836734694 -196608
10.547120181405896 196608
10.57233560090703 163840
10.594648526077098 196608
10.687460317460317 131072
10.788390022675737 -196608
10.810702947845805 -163840
10.835918367346938 -196608
10.847120181405895 196608
10.872335600907029 163840
10.894648526077097 196608
10.987460317460318 131072
11.088390022675737 -196608
11.110702947845805 -163840
11.135918367346939 -196608
11.147120181405896 196608
11.17233560090703 163840
11.194648526077097 196608
11.287460317460317 131072
11.388390022675736 -196608
11.410702947845804 -163840
11.43591836734694 -196608
11.447120181405896 196608
11.47233560090703 163840
11.494648526077098 196608
11.788208616780045 -131072
11.86641723356009 65536
11.917573696145125 32768
11.935283446712019 -98304
11.943151927437642 -131072
12.088208616780046 -131072
12.166417233560091 65536
12.217573696145125 32768
12.235283446712018 -98304
12.243151927437642 -131072
12.534489795918367 -196608
12.545986394557824 98304
12.5818820861678 -196608
12.649024943310657 131072
12.652244897959184 163840
12.773219954648527 -196608
12.834489795918367 -196608
12.845986394557823 98304
12.881882086167801 -196608
12.949024943310658 131072
12.952244897959183 163840
13.073219954648525 -196608
13.309478458049886 -196608
13.320975056689342 98304
13.35687074829932 -196608
13.424013605442177 131072
13.427233560090704 163840
13.548208616780045 -196608
13.609478458049887 -196608
13.620975056689343 98304
13.656870748299319 -196608
13.724013605442178 131072
13.727233560090703 163840
13.848208616780045 -196608
13.909478458049886 -196608
13.920975056689342 98304
13.95687074829932 -196608
14.024013605442176 131072
14.027233560090703 163840
14.148208616780046 -196608
14.378367346938775 65536
14.386825396825397 -131072
14.434920634920635 98304
14.457551020408163 -98304
14.5056462585034 131072
14.514104308390023 -65536
14.521224489795918 65536
14.52968253968254 -131072
14.577777777777778 98304
14.600408163265307 -98304
14.678367346938776 65536
14.686825396825396 -131072
14.734920634920634 98304
14.757551020408163 -98304
14.805646258503401 131072
14.814104308390023 -65536
14.821224489795918 65536
14.82968253968254 -131072
14.877777777777778 98304
14.900408163265306 -98304
14.978367346938775 65536
14.986825396825397 -131072
15.034920634920635 98304
15.057551020408162 -98304
15.105646258503402 131072
15.114104308390022 -65536
15.12122448979592 65536
15.12968253968254 -131072
15.177777777777777 98304
15.200408163265307 -98304
15.462403628117913 131072
15.563333333333333 -196608
15.5856462585034 -163840
15.610861678004536 -196608
15.622063492063493 196608
15.647278911564626 163840
15.669591836734694 196608
15.762403628117914 131072
15.863333333333333 -196608
15.885646258503401 -163840
15.910861678004535 -196608
15.922063492063492 196608
15.947278911564625 163840
15.969591836734693 196608
16.062403628117913 131072
16.163333333333334 -196608
16.1856462585034 -163840
16.210861678004534 -196608
16.22206349206349 196608
16.247278911564624 163840
16.269591836734694 196608
16.534444444444443 -196608
16.5459410430839 98304
16.581836734693876 -196608
16.648979591836735 131072
16.65219954648526 163840
16.773174603174603 -196608
16.834444444444443 -196608
16.8459410430839 98304
16.881836734693877 -196608
16.948979591836736 131072
16.95219954648526 163840
17.073174603174603 -196608
17.303333333333335 65536
17.311791383219955 -131072
17.359886621315194 98304
17.382517006802722 -98304
17.430612244897958 131072
17.43907029478458 -65536
17.446190476190477 65536
17.454648526077097 -131072
17.502743764172337 98304
17.525374149659864 -98304
17.88596371882086 131072
17.946938775510205 65536
17.99331065759637 32768
18.18596371882086 131072
18.246938775510205 65536
18.293310657596372 32768
18.485963718820862 131072
18.546938775510203 65536
18.593310657596373 32768
18.873514739229027 -65536
18.87764172335601 163840
18.917392290249435 -196608
18.929274376417233 -196608
18.947891156462585 98304
18.964467120181407 32768
18.985034013605443 -32768
19.001609977324264 -98304
19.020226757369613 196608
19.032108843537415 196608
19.07185941043084 -163840
19.075986394557823 65536
19.369206349206348 65536
19.401043083900227 131072
19.41013605442177 32768
19.439773242630384 -196608
19.45106575963719 -65536
19.491995464852607 65536
19.544557823129253 65536
19.57385487528345 -163840
19.66920634920635 65536
19.701043083900228 131072
19.710136054421767 32768
19.739773242630385 -196608
19.75106575963719 -65536
19.791995464852608 65536
19.84455782312925 65536
19.873854875283445 -163840
19.96920634920635 65536
20.00104308390023 131072
20.010136054421768 32768
20.039773242630385 -196608
20.05106575963719 -65536
20.09199546485261 65536
20.14455782312925 65536
20.173854875283446 -163840
20.40328798185941 65536
20.41174603174603 -131072
20.45984126984127 98304
20.482471655328798 -98304
20.530566893424037 131072
20.539024943310658 -65536
20.546145124716553 65536
20.554603174603173 -131072
20.602698412698413 98304
20.62532879818594 -98304
20.88437641723356 -196608
20.895873015873015 98304
20.931768707482995 -196608
20.99891156462585 131072
21.002131519274375 163840
21.123106575963718 -196608
21.184376417233562 -196608
21.195873015873016 98304
21.231768707482992 -196608
21.29891156462585 131072
21.302131519274376 163840
21.42310657596372 -196608
